1193 3408 2355 1287 2804 594 919 595 938 2398 2918 1035 2791 2018 3105 2797 1270 527 48 1097 1721 1545 2294 3186 1566 588 1907 783 1836 1022 2762 150 1 1961 1962 2692 260 1028 1029 1207 2028 531 3114 608 1246
1357 3068 1537 2194 648 2268 3468 1210 3578 3030 3105 3035 1610 2236 3071 368 1259 3147 1544 1293 1188 3255 110 1834 3471 589 1945 982 1873 2858 1225 2028 515 265 480 1442 2067 1370 1193 2353 3334 590 1196 736 1198 593 2571 2396 1953 1954 1955 1124 1957 163 380 2501 349 457 1096 920 1527 3418 3451 3095 2002 1962 1784 2943 318 1207 356 1246 1247
3421 1394 104 2735 1210 1079 1615 1291 1259 653 2167 260 2858 1049 552 480 1266 733 1196 590 2355 1197 1198 1378 1379 3552 1304 2470 3168 1961 3671 2006 2871 2115 1968 1136 2081
3468 2951 1214 1036 260 2028 480 1198 1954 1097 3418 3702 2366 1387 1201 2692 2947 1240
2987 2333 1175 2337 1535 1392 866 2770 1759 506 1250 509 41 1610 2997 2700 296 728 2560 2858 1046 515 50 1192 377 3083 2427 2355 593 2571 2289 162 3016 3163 2291 1635 2723 1921 2580 896 176 608 1715 1649 1213 2599 2959 908 1580 1729 2890 2029 551 1513 2318 1517 1089 3260 913 1730 1449 1732 2390 1734 3267 919 2395 994 1885 348 2323 29 562 1095 1529 2908 2692 32 1897 1171 34 714
2406 1101 3717 1030 1688 1035 3578 364 3501 3072 368 48 3074 1188 588 1 1043 595 597 383 1566 1569 2006 2081 3604 2802 3534 3536 3753 838 1947 2966 266 17 3699 1441 1088 912 199 914 3408 3624 2396 1380 920 569 1674 3565 1028 34
648 861 2916 1610 589 6 442 733 2353 1196 2571 380 1997 1270 457 1573 3753 474 1722 3256 1580 110 1221 2028 480 349
288 1466 1393 1682 2916 650 296 3147 589 1836 150 151 1 2858 1265 377 2427 58 1840 2571 1916 230 1120 163 1411 524 527 1701 1274 741 1704 2291 1639 3528 608 465 2442 1357 73 3246 1573 105 1210 1213 253 3105 3107 1721 3256 908 1653 1580 110 111 3259 3186 1589 14 2028 337 265 16 266 17 480 269 555 1730 3265 1735 3267 3481 2396 2686 24 25 349 562 2329 1673 1678 2692 1027 2699 36
2268 1466 1682 3793 720 47 3147 1617 2278 223 3298 1 2858 50 1265 590 2355 593 2571 300 1777 162 524 527 529 457 1704 745 2294 1921 1639 1923 1060 318 608 1358 3751 1210 1213 2302 1500 2959 1148 2166 1721 3253 3255 1653 1584 1221 1223 2890 2028 3114 16 480 1089 912 3408 3623 778 994 1307 25 2324 349 2762 1961 2692
2622 648 3358 1682 1756 2125 2054 1253 720 3500 1257 3501 2997 653 1831 3363 587 588 589 1690 3296 150 2496 1 2497 2 2498 7 2133 2135 3948 2136 2137 1408 802 1409 1265 1339 1269 1196 590 1197 1198 2640 592 594 2716 595 2717 2571 596 3447 597 2140 1411 2072 1270 1271 2078 1278 745 3451 1921 1923 3386 2657 1784 316 317 318 248 2080 2081 1282 1356 750 1357 2087 1286 2804 2662 3466 2300 253 2599 2302 329 3034 3108 2161 3037 2090 3039 902 830 2093 1291 904 2094 1292 1293 2096 1294 765 3471 2746 1009 1947 1948 260 3114 2312 339 2316 1441 1371 2174 1372 1374 914 1375 915 1376 916 918 919 3481 2826 1016 1019 3489 1959 344 2321 275 2324 2252 1380 920 780 926 1022 2762 1023 1961 1025 2693 1028 1967 351 32 282 356 357 2405 2407 2336 2193 938 1101 2770 1031 1104 1032 2918 1035 435 364 292 367 3072 368 48 1544 943 3723 1042 2423 2424 3155 2355 3086 3087 953 954 3809 3591 2863 1124 3593 2791 1125 520 3668 1127 1129 2797 1059 2501 527 2431 62 1704 1633 2436 2291 3095 2294 3097 3812 2000 963 2001 1200 2002 2003 3671 2005 1204 2872 3675 898 2009 2874 899 1135 2948 1136 539 2371 3247 3174 3175 2375 1573 971 2011 3751 1210 2012 2015 1214 1215 2018 1073 541 542 1148 543 1079 3255 2453 110 1580 1653 2529 1654 3259 1583 1584 3189 1586 2021 1220 1223 1225 1080 2967 2968 1084 3699 480 1088 3408 3194 2393 2396 2398 2100 2399 1302 1230 2105 1233 2108 1234 1307 2109 1097 2470 2617 3347 203 1676 208 2111 2040 2115 1240 3928 2043 1243 2046 2047 2049
1753 216 2997 1188 663 1197 1198 593 1916 3448 1777 2076 1923 2580 1784 318 246 1358 1288 2804 3608 2302 3105 764 2746 333 2174 778 2683 345 3129 2329 2762 2766 356 1394 2918 3148 1546 2858 50 2282 3809 2791 2795 1059 1701 3160 1704 1563 1136 608 3178 104 1213 2959 543 88 1080 480 481 1089 1732 2539 994 2109 3418 1244
1193 1198 593 3897 2804 919 923 858 3658 111 1221 3265 1303 999
1259 589 1331 1262 1196 590 1197 736 1198 593 2571 318 1356 1287 329 2161 1291 3479 260 1372 1374 919 2686 1527 780 421 296 1544 50 1127 527 1204 2370 1210 1580 110 2028 480 1097 2046
2997 1263 2731 3033 2686 2762 2692 3578 296 2920 3081 1225 2396
3421 648 141 3798 2706 2707 2490 1909 2567 3298 3005 6 805 1193 3510 1196 1198 593 2571 300 161 1923 318 1422 3461 3108 832 260 3113 266 1370 3624 2826 2683 3489 344 1527 2762 2694 1892 3499 1968 356 2268 1466 1396 2840 2841 2916 500 3578 364 1610 367 47 3147 3148 1619 3723 2858 50 3155 1625 1487 524 2501 527 457 2433 1704 2000 2001 2006 539 73 3174 3176 3178 104 1210 3753 1213 3256 110 2389 2028 553 480 628 3408 1804 1805 2394 2396 1597 1092 1810 1672 2115
1682 1269 2572 2724 2581 2683 2761 2699 2355 2369 3175 2394 2975
1179 2553 3793 1253 720 1185 3503 589 1909 223 3006 1408 3879 1265 1193 3510 1196 590 2640 593 595 2571 300 3375 235 162 163 164 2140 1343 1270 1274 741 1921 3527 1923 2657 316 318 319 247 1356 750 1284 1358 2660 2661 2662 2664 3033 2093 3471 260 2311 3114 2173 198 913 1374 1376 3624 2752 1019 2321 1527 3700 924 3701 780 3703 2901 3704 2762 30 32 428 356 34 2407 2268 3713 2912 866 3717 2916 3576 3578 1610 293 3070 1614 296 3147 3148 1617 942 3658 2858 50 446 3156 2355 2282 2287 2288 2289 1127 1129 3300 2501 1997 527 454 529 457 1704 1635 1200 3745 968 1206 1069 3246 76 3175 2377 2010 2011 3751 1210 3827 1213 1214 1215 610 541 1077 3256 2527 2455 1653 1580 110 2529 1729 1584 2021 2028 3699 480 628 3267 2396 1594 1301 2105 707 3417 2542 3418 1748 3927 1240 2116 2117 2046 2985
2987 2989 2622 648 2628 1682 1683 1688 3793 2993 1185 1259 586 1907 588 589 1 158 2137 1408 2139 1193 1196 590 1197 1198 592 594 595 596 3448 2573 302 232 163 2140 1411 2141 2143 1271 1274 741 1275 2078 313 1784 249 2080 2081 2082 2083 1282 2085 1357 2087 2089 2739 3396 3397 3398 3399 1500 3034 3108 2161 2090 902 1291 2167 2096 838 1873 3479 10 260 261 262 17 2248 1378 919 2826 778 412 1956 2686 3489 26 920 1527 3703 1387 3704 3633 3635 1022 1960 3639 2764 1962 1025 3494 421 1028 1029 1967 1968 353 34 2336 288 2193 2194 2268 1396 1032 1033 3578 364 292 44 2414 367 296 48 1617 940 3723 2858 50 2355 2797 527 1702 2291 2294 1639 2000 2002 1200 1201 2005 969 2872 1207 2947 2948 531 1711 2370 3247 1643 3175 2375 3751 1210 2951 1215 2018 2019 1073 2959 616 3252 1721 475 3255 1580 110 1654 1587 2020 2021 2028 551 555 1089 3260 1805 3269 2394 2100 2105 1234 1094 1097 2542 2616 1678 2115 1240 2116 1242 1246
2987 2989 2622 1682 1756 1321 3863 3793 2991 720 2993 1258 2700 1259 1188 2707 588 589 2638 1909 223 1 3948 1407 1261 2139 1265 1339 1193 733 3510 1196 1197 1198 592 593 2716 2717 2644 2571 596 1918 1772 2648 165 1270 1275 2078 1277 1278 3527 318 1350 2080 2085 1356 2087 3461 2599 329 1291 2746 330 10 3114 17 1370 1372 1374 919 3624 2683 2687 2321 2324 1387 3633 3635 858 785 2762 3638 2836 1961 3639 2692 420 2694 1029 32 356 2841 3717 2918 1036 47 940 1982 2858 2423 3081 377 3082 2355 2860 3596 1994 380 1997 2502 2366 2000 2001 2002 3744 1206 2947 2948 2949 3174 1645 1573 2376 1210 3752 1215 1219 1073 2959 1148 1722 2454 1580 110 111 1220 2028 480 3264 2394 1307 1234 2976
648 589 2641 1912 2571 3527 1923 1371 1527 3578 47 1617 2858 457 70 3753 110 2028 1240
2700 3000 2800 3704 3745 1210
2987 1253 3868 3869 2997 1259 585 589 223 1261 2064 2138 2139 1265 733 1196 1198 2716 2141 2072 1270 671 818 1921 3526 3527 678 318 1282 1358 1288 3608 180 1799 3033 2161 1291 908 2746 16 910 1517 2174 2249 771 1884 3052 2324 2189 784 858 2762 1967 32 429 2265 2193 1391 2195 1394 2916 2918 1034 1036 3578 368 47 2348 2858 1047 3660 3661 3809 2791 1127 2795 1994 380 3160 2291 1200 2005 1205 1136 532 608 70 3174 1573 2011 1214 1215 610 543 81 3253 110 111 1584 1222 1225 1080 3698 555 1089 485 1732 2391 95 2395 3917 2542 1673 1747 1748 1676 1240 2046 1247
1249 648 2628 3793 2054 720 2997 1258 3505 3435 589 1690 3000 1 2064 1265 3510 1267 1196 2712 2640 1912 593 3952 2148 674 3527 2726 2657 1356 750 2599 3104 1500 3032 3108 2160 3471 260 2311 16 196 1517 911 198 2174 1376 1953 1958 21 3052 1527 3700 780 2901 858 2762 3638 2692 1965 32 39 1396 866 2916 2917 3576 1036 3578 45 296 2858 50 52 377 1625 2289 3809 1127 1129 1994 2797 2000 3740 1204 968 2009 2948 608 70 1573 2011 2012 1215 610 1218 1073 541 1077 2527 2454 2528 2455 1580 1221 1222 1223 2968 3698 551 3699 2600 480 1089 3265 2395 2100 3770 2108 1306 1234 1097 493 2542 2617 1748 1240 3786 2985
2987 3424 1259 3361 585 3000 153 2132 2064 1263 1265 1193 590 1197 1198 2640 592 593 2716 597 3448 303 1777 2144 2145 1270 3526 2657 318 175 2081 1358 1288 2301 3104 3039 902 1291 1296 3471 2671 260 261 2243 1441 2245 912 2248 1377 919 3552 2683 2757 1958 1959 3129 920 858 2836 2692 1968 425 2406 2407 1535 1394 2915 2918 3210 364 3072 296 2858 50 3081 2352 953 2791 2795 1057 2797 527 1704 1633 1635 1569 608 468 3175 1213 3685 1073 1079 3254 1580 110 1220 1221 1225 2028 3699 1663 2396 2100 1230 1307 1090 1094 1674 1247
2987 2628 3793 2709 2490 223 150 1196 2712 1198 2716 1917 1270 1921 1356 688 1291 2676 260 3114 1372 1374 1376 3623 2324 2253 780 2692 3717 3578 1610 3156 1129 2501 2502 1704 1639 3745 1205 3174 1573 2011 2012 1210 3753 546 1653 1580 2028 480 2541 1676
1179 1682 3502 1259 3506 3360 3361 1833 5 7 804 1265 3441 597 1917 161 168 2146 3526 1784 318 2081 2802 3101 252 902 3614 3543 1876 2312 16 2316 2243 198 412 2321 1380 1457 852 3707 2906 1961 1966 1968 356 3206 2262 2409 1608 2268 1393 1394 1101 2915 2916 361 2411 2340 45 3584 511 2858 3152 2352 377 3082 378 3156 524 454 529 62 3308 1704 3098 1135 605 1640 74 3173 2447 2011 3686 471 3257 2528 1586 118 2020 1084 480 3261 3263 95 3194 2469 1307 2541 499 207 1678 1240
1248 1250 1252 1180 1254 2997 3435 3364 1262 2066 1267 1198 300 1276 318 1282 3469 3030 3037 905 1294 908 260 910 2174 912 913 916 922 923 2186 926 858 930 1394 1617 947 2858 951 3730 2289 955 1204 1207 898 2948 1136 971 3683 1217 1073 541 1237 1097
1179 2550 3793 2997 2132 1265 1196 1197 1198 1411 1271 1277 1278 2657 318 1284 1285 2599 902 1291 904 906 3548 260 334 912 2248 916 919 846 778 1956 2321 1387 928 2908 2762 1968 39 930 1537 2918 293 2858 50 2282 954 1997 527 1704 3097 1200 3671 898 2947 1136 608 1210 1214 2020 1224 1225 551 3334 1660 2396 2398 1230 1244 1247
2991 2993 2490 589 1262 733 1196 1198 3527 318 1287 2661 2662 3102 1799 260 1954 3702 1387 3633 858 3639 353 2403 3062 2406 288 2916 1036 3726 50 2366 3740 1204 2944 2949 3753 1214 610 2527 110 2529 1220 3836 1222 1225 1085 480 3405 1304 2115 1240
1176 2997 589 3943 3949 1265 593 2571 318 17 3554 2686 2762 1617 1041 2858 50 527 1216 2028 1097 2544
648 1259 3507 3363 2208 2135 1265 1269 1197 3516 2716 1270 2078 3524 2657 3022 3028 2080 3462 1937 3396 3397 2300 2302 3037 3039 905 1297 2747 2245 910 2174 356 357 2407 933 2918 947 440 2423 2355 3088 951 955 957 2935 1125 1129 2366 3096 961 2000 2001 3671 3675 898 2371 3247 1210 1073 1580 3690 480 1663 1304 1307 1234 3341
1250 589 593 745 247 1358 3101 1296 266 3556 2762 32 293 3072 47 3147 3079 2858 1208 608 3751 2959 474 2020 1088 2108 3786 3787
2550 2554 2991 1253 2993 1258 1259 581 3505 1189 3507 3435 3362 2633 3363 586 3364 1834 589 2565 150 2206 1333 1263 1339 1266 1193 1269 1196 1198 2640 592 593 2716 2644 2646 2647 2648 2649 1340 2070 3019 2071 1343 1270 1344 1272 2650 3527 678 3386 1784 318 1356 2159 1357 1358 3608 2661 2662 2664 1792 3101 3102 3105 2160 903 1291 904 908 3471 3546 260 3110 2313 1517 1372 1374 914 2178 919 3552 1953 1955 1956 1019 1885 345 349 2183 924 1387 3635 858 2762 1961 3639 1028 3498 3499 3204 36 930 3068 931 2194 2268 1101 1103 2916 1035 431 508 1610 3072 47 3147 949 2852 1982 2858 377 2353 2288 953 3735 2791 1125 1127 2795 1994 3230 1997 454 1635 2000 2001 1200 1201 2941 1130 2944 2871 969 1206 2009 1207 1061 2947 1208 2948 1136 608 3244 2010 1210 3827 1213 3682 1214 1219 1079 474 1721 3256 2455 2529 111 1729 1584 1221 3836 1222 1225 1084 1086 480 555 1089 2391 2467 1300 1301 3844 2109 1234 1092 1094 1096 3340 1097 2612 3271 3418 1674 2115 1240 2118 2983 1246
3424 1680 2485 3868 1258 2700 1259 3361 587 1835 222 1 2133 3510 2710 1196 1197 2716 2572 597 2144 2145 1270 1278 745 3450 3524 1923 2581 1784 318 2081 1285 2804 3536 3104 2302 1500 3033 3039 838 2671 11 339 17 1441 2174 2248 919 2324 2329 1387 1028 3499 1968 353 356 34 2406 2261 39 1393 933 1100 2915 2918 2413 2416 1479 2858 441 2424 3087 3088 3591 2791 3594 2792 2794 2795 2796 1994 1997 2432 1704 2291 2000 2001 1207 605 539 1641 2371 2375 1219 1148 2888 543 1079 1721 1722 3257 550 3408 1735 2396 2109 1307 1091 708 1097 497 2478
3359 1251 1252 1185 2708 3365 1835 154 3871 800 1264 1266 1269 1196 1197 1198 2571 2575 1419 1278 3451 1283 824 2087 1358 2088 1288 2731 3461 2732 3467 2300 3030 2303 902 2238 2239 904 1292 1294 908 838 3549 1945 1946 1949 2312 17 2171 910 911 912 915 918 919 1013 2682 28 1380 3700 3703 3566 2692 1964 1028 3060 39 1103 296 945 2926 3584 2858 3152 3083 3088 2289 953 2932 2863 1124 1704 3091 1201 965 3671 969 899 1136 608 971 3751 1210 2951 3681 3685 2019 1217 1148 2385 1225 1080 2969 1733 123 2396 2100 1300 1230 1094 708 3852 1172 3788 1247
2987 1249 2989 3424 647 648 1827 3359 144 3863 1250 3793 2058 2700 1259 581 3504 2702 3505 1189 3361 2706 587 2490 1907 588 589 1909 223 3298 1 229 6 7 1405 2137 2064 1408 2065 1264 1191 1265 1266 733 3512 1196 1197 1198 2640 1911 592 1912 593 2716 595 2571 597 3448 232 233 161 164 165 3952 2145 1270 1272 2078 1276 1278 2722 3525 3526 3527 1923 2580 172 246 247 2081 2155 1356 1283 1358 2802 3101 2599 3104 256 3035 3037 3039 1291 2167 2094 1292 1295 1299 2671 10 1876 260 11 3114 2312 2243 196 2245 1370 1517 198 912 2248 1374 1449 3623 3551 3552 3480 2683 1954 2687 21 3052 2250 349 1527 924 852 3702 780 1387 3635 858 785 2761 2762 1960 2763 788 3639 2764 1963 2693 1968 30 2699 32 356 34 3060 1603 2406 2334 3066 1608 2194 1393 2269 3712 1396 1101 866 2915 2916 2918 500 3576 2774 1036 3578 507 3213 1610 292 3142 3072 368 47 296 3147 2418 2273 1617 2278 1476 3727 2858 2424 449 3081 2352 377 2353 2355 3087 1485 2288 2791 1127 524 3301 2797 380 527 454 1701 2432 457 3308 2433 2294 2369 2000 1569 2001 1200 1201 3671 3745 969 1208 1135 2948 1136 608 466 1641 2371 3174 3175 3176 1645 1573 3821 1210 2013 3753 2951 3827 1214 2959 1147 541 1078 1079 474 3253 1722 3255 3256 1653 1580 110 2529 1584 1586 2023 3836 3763 2890 2028 2967 3697 551 553 480 555 556 2605 3408 3263 1805 2391 1663 2393 3196 2395 2469 2100 1597 2972 1233 2973 1307 1090 1092 1094 708 1097 2540 2541 2617 1674 1676 2115 1240 2118 3785 1244 3786 1172 2985
648 587 1197 597 236 2080 2081 3399 252 2671 1947 912 2321 1380 920 1457 3565 356 357 1101 361 377 3159 2791 961 1569 899 605 1722 1088 2396 2108 1307 708 497 1247
1183 2059 586 587 588 224 1 3948 2572 1777 236 2144 2145 2581 249 2082 902 2096 838 2671 2677 339 17 2171 2324 1380 356 357 39 2336 1393 500 364 3072 47 1620 377 2355 381 2431 2506 1704 1569 539 2442 1573 1721 1088 1801 3408 2396 1307 708 1672 1246 1247
3793 2997 2700 223 1193 2716 2572 2723 2580 318 2599 3114 3623 24 2763 2692 2770 2772 3578 1617 2858 2355 1127 2502 3160 1060 3175 3751 3753 2959 86 1732 2395 2396
2987 1254 653 2 2202 1262 1196 1197 736 1198 161 1272 1927 750 1287 2662 2161 1291 1294 912 1375 1376 919 3628 920 780 356 3062 2406 3643 2287 1127 2430 1204 2944 969 897 1208 466 976 3755 1073 2968 1085 3406 3196 3417 2471 2115 1242
2628 1688 2067 2710 1196 2719 671 260 2762 531 1643 1210 1721 1658
3421 648 2628 3793 1253 3868 2993 1257 2997 589 6 2134 1265 1196 1197 1198 2640 2641 593 3519 165 2143 1270 1275 3526 3527 316 317 318 172 1429 1356 750 1287 1288 2662 3104 329 3033 1291 2094 1297 3471 3479 1876 260 2311 3114 196 1371 198 2174 1518 1372 1373 1374 1375 1376 919 3552 3555 2681 1953 1019 24 349 924 3702 3703 1387 3638 788 1968 353 2403 356 2406 2407 2193 1396 1101 2915 1036 1610 2273 2858 442 2423 377 379 3087 3802 2288 3807 1127 1129 527 457 2366 3740 1200 1201 3745 969 2948 2949 2371 3175 2011 2012 1210 2015 1214 610 3758 1073 541 2520 1079 3256 2527 2455 2529 1584 2021 3763 1222 480 2530 2533 1663 2393 1301 3770 2105 2034 1097 2111 3927 1240 2116 2985 2986
3793 2997 2706 2707 3298 1197 2581 2599 830 3114 2762 356 2858 2369 2371 2961 2605 2394 2396 1307
2987 2622 648 2628 3793 3362 2709 589 151 1 2 2135 1265 1339 1193 733 1196 1197 1198 2640 593 594 2716 2717 2571 596 1772 2140 1270 741 2077 1278 745 316 318 249 3028 2080 2083 1282 1356 3396 3397 3398 1291 904 2167 1294 3612 3471 260 17 3044 2174 1374 919 2321 2253 924 780 1022 2762 1028 1967 2699 34 2406 2407 2193 1396 3717 2918 2846 3070 1552 953 1127 2797 527 3168 2366 2297 3745 2006 969 1136 1064 539 1573 107 2011 3751 1210 3755 2018 1073 1148 543 3251 2529 1220 1223 551 552 480 3260 3264 2396 2399 2105 1304 1307 1234 1235 1097 497 3927 1240 3928 2046
1821 3284 3358 140 3501 1186 1188 728 3507 587 1835 2496 1 2065 1265 3516 2716 1270 3450 3524 3451 1784 1286 3608 3466 902 905 3612 909 691 2671 11 3114 339 266 3044 2245 910 911 2248 914 915 916 1014 1959 25 3052 920 1028 1894 357 2407 39 289 2266 937 2915 2779 46 440 371 52 2352 2426 3088 955 2369 3099 3812 3814 2941 969 1135 3244 2443 3175 3684 1580 3259 1226 3699 3269 2468 2100 1235 708 3341 497 2473 3852 1244
3280 3939 1327 1407 1261 2710 1347 2160 1969 2338 1970 1971 1972 1973 1974 1975 1976 1977 1978 1979 366 1980 1981 1982 1983 1984 1985 1986 891 1717 1644 2107 3273
1193 318 249 2804 902 1949 17 1956 858 34 36 1041 527 1208 1213 1221 1247
1250 2993 586 589 1 6 3006 7 1408 1262 1193 1196 1198 592 593 594 596 599 1411 1270 1274 2078 3897 2087 3033 3107 901 902 903 1291 1294 3114 912 913 916 919 2324 920 923 924 780 1387 926 858 937 3213 1610 3142 2413 3147 1617 1544 1619 2278 1479 2423 2424 2355 2501 3095 1569 899 1721 3253 3256 1653 1580 110 3259 1584 3404 2394 2396 208 2628 3507 3363 1907 1909 150 2640 2571 1917 231 3386 316 318 3462 2664 1797 3471 1944 1945
